1651328763570,1013.55786
1651328763607,1013.52856
1651328763648,1013.52466
1651328763686,1013.52686
1651328763727,1013.53467
1651328763768,1013.5393
1651328763807,1013.5386
1651328763847,1013.5381
1651328763888,1013.54443
1651328763928,1013.54443
1651328763966,1013.5432
1651328764007,1013.55396
1651328764046,1013.5918
1651328764087,1013.7827
1651328764128,1013.8203
1651328764166,1013.8074
1651328764211,1013.7988
1651328764248,1013.82324
1651328764288,1013.8684
1651328764329,1013.8987
1651328764367,1013.8916
1651328764407,1013.85815
1651328764448,1013.7859
1651328764487,1013.7173
1651328764527,1013.7175
1651328764568,1013.7656
1651328764609,1013.864
1651328764647,1013.9883
1651328764688,1014.1079
1651328764726,1014.2246
1651328764767,1014.3159
1651328764808,1014.36304
1651328764847,1014.3867
1651328764888,1014.3574
1651328764927,1014.228
1651328764966,1014.0288
1651328765007,1013.78784
1651328765047,1013.54443
1651328765087,1013.3396
1651328765127,1013.1648
1651328765166,1013.02026
1651328765207,1012.92017
1651328765247,1012.8784
1651328765286,1012.8689
1651328765327,1012.8867
1651328765367,1012.93555
1651328765407,1013.0012
1651328765480,1013.084
1651328765509,1013.15845
1651328765541,1013.2356
1651328765567,1013.29224
1651328765608,1013.3562
1651328765651,1013.3938
1651328765687,1013.4287
1651328765727,1013.4675
1651328765766,1013.4795
1651328765807,1013.4951
1651328765847,1013.51904
1651328765887,1013.5283
1651328765928,1013.54956
1651328765967,1013.574
1651328766006,1013.58057
1651328766048,1013.5774
1651328766086,1013.56616
1651328766127,1013.54224
1651328766168,1013.5298
1651328766208,1013.5647
1651328766247,1013.6294
1651328766288,1013.7207
1651328766328,1013.85254
1651328766367,1014.01733
1651328766407,1014.2024
1651328766447,1014.3865
1651328766487,1014.5471
1651328766528,1014.6575
1651328766567,1014.6953
1651328766608,1014.6245
1651328766647,1014.4324
1651328766687,1014.1367
1651328766728,1013.79395
1651328766770,1013.4761
1651328766808,1013.2241
1651328766848,1013.04517
1651328766887,1012.91016
1651328766927,1012.8247
1651328766968,1012.7937
1651328767007,1012.8091
1651328767047,1012.8535
1651328767088,1012.906
1651328767127,1012.979
1651328767167,1013.0615
1651328767207,1013.1404
1651328767247,1013.2151
1651328767288,1013.27075
1651328767327,1013.37646
1651328767366,1013.42773
1651328767408,1013.4624
1651328767447,1013.4719
1651328767518,1013.4763
1651328767542,1013.48584
1651328767573,1013.4988
1651328767607,1013.50903
1651328767648,1013.53564
1651328767687,1013.53955
1651328767727,1013.562
1651328767767,1013.58325
1651328767806,1013.5967
1651328767847,1013.58936
1651328767887,1013.5654
1651328767926,1013.5408
1651328767969,1013.5554
1651328768007,1013.62354
1651328768046,1013.7273
1651328768088,1013.8987
1651328768127,1014.1118
1651328768166,1014.3496
1651328768207,1014.5647
1651328768247,1014.7268
1651328768286,1014.81396
1651328768328,1014.8176
1651328768369,1014.7024
1651328768408,1014.4592
1651328768447,1014.1233
1651328768487,1013.76807
1651328768527,1013.4282
1651328768568,1013.16797
1651328768608,1012.97046
1651328768647,1012.83325
1651328768688,1012.75464
1651328768727,1012.728
1651328768767,1012.73413
1651328768807,1012.7766
1651328768847,1012.8364
1651328768888,1012.8972
1651328768927,1012.9802
1651328768967,1013.15845
1651328769008,1013.2283
1651328769046,1013.2991
1651328769088,1013.35254
1651328769127,1013.4099
1651328769167,1013.4646
1651328769208,1013.4883
1651328769247,1013.50244
1651328769286,1013.5137
1651328769327,1013.522
1651328769368,1013.5276
1651328769407,1013.5205
1651328769447,1013.5161
1651328769488,1013.51196
1651328769551,1013.5188
1651328769583,1013.53076
1651328769623,1013.54395
1651328769647,1013.5359
1651328769689,1013.53174
1651328769728,1013.51636
1651328769767,1013.5337
1651328769808,1013.5918
1651328769846,1013.7009
1651328769887,1013.843
1651328769928,1014.0342
1651328769967,1014.2722
1651328770007,1014.52783
1651328770047,1014.72266
1651328770086,1014.84204
1651328770127,1014.8408
1651328770169,1014.7124
1651328770207,1014.4641
1651328770248,1014.1355
1651328770288,1013.7822
1651328770327,1013.45703
1651328770367,1013.1914
1651328770407,1013.00635
1651328770447,1012.8718
1651328770487,1012.7793
1651328770527,1012.7466
1651328770566,1012.80005
1651328770608,1012.8711
1651328770646,1012.94556
1651328770686,1013.0293
1651328770728,1013.126
1651328770766,1013.2075
1651328770807,1013.2822
1651328770848,1013.3506
1651328770886,1013.3992
1651328770927,1013.43506
1651328770968,1013.46265
1651328771006,1013.47925
1651328771047,1013.4646
1651328771088,1013.46704
1651328771127,1013.4734
1651328771168,1013.48706
1651328771207,1013.50366
1651328771247,1013.5166
1651328771287,1013.5178
1651328771326,1013.5305
1651328771366,1013.5576
1651328771408,1013.573
1651328771448,1013.5781
1651328771487,1013.57666
1651328771528,1013.5625
1651328771600,1013.57104
1651328771607,1013.6216
1651328771648,1013.71826
1651328771688,1013.88184
1651328771727,1014.08057
1651328771768,1014.3262
1651328771808,1014.5764
1651328771847,1014.78076
1651328771887,1014.9055
1651328771926,1014.9509
1651328771967,1014.8552
1651328772008,1014.63525
1651328772047,1014.29834
1651328772090,1013.89844
1651328772127,1013.5088
1651328772168,1012.9353
1651328772208,1012.7656
1651328772246,1012.6511
1651328772287,1012.6135
1651328772328,1012.6101
1651328772366,1012.6548
1651328772407,1012.73804
1651328772448,1012.8352
1651328772487,1012.9431
1651328772527,1013.0459
1651328772568,1013.14966
1651328772606,1013.22314
1651328772647,1013.2971
1651328772688,1013.3518
1651328772728,1013.4114
1651328772767,1013.4563
1651328772807,1013.4863
1651328772846,1013.50024
1651328772888,1013.4956
1651328772927,1013.4846
1651328772967,1013.4783
1651328773008,1013.489
1651328773047,1013.4983
1651328773087,1013.4939
1651328773128,1013.4956
1651328773167,1013.4934
1651328773208,1013.5254
1651328773248,1013.5491
1651328773286,1013.5757
1651328773326,1013.58276
1651328773367,1013.5791
1651328773406,1013.563
1651328773447,1013.5593
1651328773487,1013.5869
1651328773526,1013.6699
1651328773567,1013.78784
1651328773607,1013.96924
1651328773647,1014.1848
1651328773687,1014.44214
1651328773727,1014.6963
1651328773766,1014.88184
1651328773807,1014.9109
1651328773847,1014.75195
1651328773886,1014.4612
1651328773927,1014.1018
1651328773966,1013.7295
1651328774007,1013.40405
1651328774047,1013.14526
1651328774087,1012.96826
1651328774127,1012.84375
1651328774168,1012.76733
1651328774206,1012.73
1651328774247,1012.72437
1651328774287,1012.75146
1651328774326,1012.80273
1651328774368,1012.8479
1651328774408,1012.9199
1651328774447,1013.00024
1651328774487,1013.10205
1651328774527,1013.19727
1651328774566,1013.28467
1651328774608,1013.3425
1651328774647,1013.39746
1651328774686,1013.44385
1651328774729,1013.47754
1651328774766,1013.51245
1651328774807,1013.52734
1651328774848,1013.54736
1651328774886,1013.5215
1651328774927,1013.4995
1651328774969,1013.4822
1651328775006,1013.48364
1651328775048,1013.48535
1651328775087,1013.4878
1651328775126,1013.4895
1651328775178,1013.5137
1651328775207,1013.54126
1651328775248,1013.5571
1651328775287,1013.5554
1651328775326,1013.55786
1651328775368,1013.5596
1651328775407,1013.6511
1651328775446,1013.7639
1651328775486,1013.94214
1651328775528,1014.1924
1651328775568,1014.5056
1651328775606,1014.79395
1651328775647,1014.999
1651328775687,1015.126
1651328775727,1015.1145
1651328775767,1014.91064
1651328775806,1014.5554
1651328775847,1014.1167
1651328775887,1013.66626
1651328775927,1013.2781
1651328775967,1012.99243
1651328776006,1012.8013
1651328776046,1012.656
1651328776087,1012.5867
1651328776126,1012.5757
1651328776167,1012.6211
1651328776207,1012.6792
1651328776246,1012.7588
1651328776287,1012.86084
1651328776327,1012.9595
1651328776366,1013.06836
1651328776407,1013.1633
1651328776447,1013.24805
1651328776486,1013.31616
1651328776527,1013.3884
1651328776567,1013.43945
1651328776606,1013.47095
1651328776646,1013.46094
1651328776687,1013.4429
1651328776726,1013.4404
1651328776767,1013.4436
1651328776808,1013.4612
1651328776847,1013.4978
1651328776889,1013.5117
1651328776926,1013.52637
1651328776966,1013.541
1651328777007,1013.55493
1651328777047,1013.5752
1651328777086,1013.56006
1651328777127,1013.5547
1651328777166,1013.56494
1651328777207,1013.61084
1651328777247,1013.71313
1651328777286,1013.8557
1651328777327,1014.051
1651328777367,1014.27637
1651328777408,1014.5244
1651328777448,1014.7639
1651328777487,1014.91724
1651328777527,1014.9856
1651328777567,1014.9275
1651328777606,1014.718
1651328777647,1014.3779
1651328777688,1013.9629
1651328777726,1013.5698
1651328777766,1013.22046
1651328777807,1012.9746
1651328777846,1012.7866
1651328777887,1012.67236
1651328777927,1012.6345
1651328777971,1012.655
1651328778007,1012.70776
1651328778047,1012.7771
1651328778086,1012.853
1651328778127,1012.9424
1651328778167,1013.0508
1651328778207,1013.14575
1651328778247,1013.2407
1651328778287,1013.3091
1651328778326,1013.3811
1651328778367,1013.42456
1651328778407,1013.4419
1651328778447,1013.4558
1651328778487,1013.45605
1651328778526,1013.4697
1651328778567,1013.4971
1651328778608,1013.52637
1651328778647,1013.5427
1651328778688,1013.5242
1651328778727,1013.50977
1651328778766,1013.48804
1651328778806,1013.4707
1651328778848,1013.46875
1651328778887,1013.4656
1651328778928,1013.4629
1651328778968,1013.459
1651328779007,1013.4614
1651328779048,1013.47095
1651328779087,1013.4795
1651328779127,1013.4917
1651328779168,1013.499
1651328779206,1013.5083
1651328779246,1013.5154
1651328779287,1013.51636
1651328779327,1013.52124
1651328779368,1013.52466
1651328779408,1013.5293
1651328779446,1013.52026
1651328779487,1013.52563
1651328779527,1013.52344
1651328779566,1013.5283
1651328779607,1013.53516
1651328779647,1013.5425
1651328779686,1013.5454
1651328779727,1013.5498
1651328779767,1013.5537
1651328779807,1013.55664
1651328779852,1013.5613
1651328779887,1013.552
1651328779926,1013.5532
