1651329155059,1013.3982
1651329155081,1013.4263
1651329155123,1013.4846
1651329155161,1013.4866
1651329155201,1013.4907
1651329155242,1013.49365
1651329155281,1013.4961
1651329155322,1013.49854
1651329155361,1013.52734
1651329155401,1013.52515
1651329155442,1013.50684
1651329155481,1013.5205
1651329155521,1013.4878
1651329155563,1013.49
1651329155601,1013.4353
1651329155643,1013.43506
1651329155683,1013.4353
1651329155721,1013.41235
1651329155761,1013.44653
1651329155804,1013.46484
1651329155842,1013.4949
1651329155882,1013.5386
1651329155925,1013.5774
1651329155962,1013.6279
1651329156002,1013.65894
1651329156043,1013.6675
1651329156082,1013.6858
1651329156123,1013.7085
1651329156163,1013.7478
1651329156201,1013.7766
1651329156242,1013.78125
1651329156282,1013.7578
1651329156322,1013.72705
1651329156363,1013.7024
1651329156400,1013.67676
1651329156441,1013.65356
1651329156483,1013.6433
1651329156522,1013.63794
1651329156562,1013.64795
1651329156603,1013.64624
1651329156642,1013.6553
1651329156682,1013.6697
1651329156724,1013.6809
1651329156762,1013.7124
1651329156802,1013.7539
1651329156842,1013.7837
1651329156919,1013.7744
1651329156948,1013.7473
1651329157005,1013.6692
1651329157005,1013.5659
1651329157043,1013.45654
1651329157081,1013.3662
1651329157123,1013.2827
1651329157162,1013.1655
1651329157204,1013.12256
1651329157241,1013.09424
1651329157283,1013.0823
1651329157323,1013.0879
1651329157361,1013.09033
1651329157402,1013.0969
1651329157441,1013.1074
1651329157481,1013.1006
1651329157524,1013.0996
1651329157562,1013.09595
1651329157602,1013.0679
1651329157643,1013.0386
1651329157681,1013.04834
1651329157722,1013.11646
1651329157761,1013.1648
1651329157802,1013.2268
1651329157842,1013.28687
1651329157881,1013.3391
1651329157921,1013.39526
1651329157963,1013.39844
1651329158001,1013.4253
1651329158046,1013.44165
1651329158083,1013.47705
1651329158123,1013.48804
1651329158162,1013.53
1651329158202,1013.56323
1651329158241,1013.58716
1651329158282,1013.5615
1651329158323,1013.54614
1651329158362,1013.5403
1651329158403,1013.53906
1651329158442,1013.5325
1651329158481,1013.53
1651329158523,1013.52686
1651329158562,1013.5366
1651329158601,1013.541
1651329158643,1013.56323
1651329158683,1013.5845
1651329158722,1013.6028
1651329158763,1013.67993
1651329158801,1013.7261
1651329158842,1013.7676
1651329158882,1013.77954
1651329158956,1013.76636
1651329158980,1013.73267
1651329159013,1013.66455
1651329159042,1013.5825
1651329159082,1013.47144
1651329159122,1013.376
1651329159161,1013.2893
1651329159202,1013.23
1651329159244,1013.1765
1651329159282,1013.15283
1651329159325,1013.1428
1651329159364,1013.12695
1651329159401,1013.12524
1651329159443,1013.1301
1651329159486,1013.146
1651329159532,1013.1531
1651329159562,1013.16187
1651329159601,1013.1565
1651329159641,1013.14575
1651329159682,1013.1333
1651329159721,1013.14355
1651329159762,1013.1526
1651329159801,1013.1467
1651329159841,1013.13965
1651329159882,1013.18555
1651329159923,1013.2285
1651329159961,1013.25684
1651329160003,1013.32104
1651329160041,1013.3364
1651329160081,1013.3579
1651329160123,1013.4199
1651329160160,1013.4055
1651329160201,1013.40796
1651329160242,1013.4138
1651329160281,1013.41846
1651329160321,1013.4363
1651329160362,1013.42505
1651329160401,1013.45703
1651329160441,1013.4885
1651329160483,1013.5122
1651329160521,1013.5171
1651329160561,1013.51733
1651329160602,1013.5259
1651329160642,1013.5261
1651329160682,1013.5366
1651329160721,1013.54297
1651329160761,1013.53906
1651329160802,1013.54175
1651329160841,1013.5459
1651329160881,1013.55664
1651329160922,1013.5593
1651329160976,1013.5681
1651329161017,1013.57837
1651329161042,1013.5884
1651329161082,1013.5991
1651329161122,1013.6138
1651329161162,1013.6255
1651329161203,1013.6323
1651329161242,1013.6553
1651329161282,1013.66113
1651329161322,1013.6738
1651329161363,1013.6621
1651329161402,1013.6189
1651329161441,1013.53687
1651329161487,1013.44824
1651329161522,1013.36475
1651329161562,1013.3003
1651329161602,1013.25757
1651329161641,1013.22656
1651329161682,1013.2029
1651329161723,1013.1941
1651329161761,1013.1804
1651329161802,1013.1802
1651329161843,1013.17993
1651329161882,1013.18823
1651329161922,1013.1782
1651329161964,1013.16797
1651329162002,1013.1614
1651329162041,1013.0996
1651329162083,1013.05225
1651329162121,1013.0193
1651329162162,1013.0088
1651329162201,1013.0449
1651329162242,1013.1135
1651329162283,1013.2278
1651329162320,1013.3125
1651329162361,1013.4092
1651329162402,1013.47754
1651329162440,1013.4868
1651329162481,1013.5061
1651329162522,1013.4851
1651329162561,1013.478
1651329162601,1013.4863
1651329162642,1013.4968
1651329162683,1013.5054
1651329162722,1013.46484
1651329162762,1013.4331
1651329162804,1013.4165
1651329162841,1013.44507
1651329162882,1013.5049
1651329162921,1013.551
1651329162962,1013.56885
1651329163019,1013.5901
1651329163043,1013.5769
1651329163083,1013.5537
1651329163121,1013.5337
1651329163161,1013.50854
1651329163203,1013.50684
1651329163241,1013.50635
1651329163282,1013.5022
1651329163322,1013.5071
1651329163361,1013.5071
1651329163402,1013.5066
1651329163443,1013.50903
1651329163481,1013.511
1651329163521,1013.5322
1651329163562,1013.5591
1651329163601,1013.59863
1651329163642,1013.6511
1651329163681,1013.6572
1651329163722,1013.64355
1651329163763,1013.6328
1651329163801,1013.61816
1651329163842,1013.58765
1651329163883,1013.55176
1651329163921,1013.5171
1651329163961,1013.4636
1651329164002,1013.41064
1651329164041,1013.3528
1651329164081,1013.29443
1651329164122,1013.25073
1651329164161,1013.22363
1651329164201,1013.2036
1651329164242,1013.18677
1651329164281,1013.1858
1651329164322,1013.18604
1651329164362,1013.1875
1651329164401,1013.1902
1651329164442,1013.1926
1651329164481,1013.1819
1651329164521,1013.17554
1651329164562,1013.1504
1651329164601,1013.10693
1651329164641,1013.0596
1651329164682,1013.0227
1651329164721,1013.0171
1651329164762,1013.07666
1651329164803,1013.16797
1651329164841,1013.25
1651329164881,1013.3262
1651329164923,1013.38916
1651329164961,1013.4192
1651329165002,1013.44507
1651329165043,1013.4468
1651329165081,1013.4331
1651329165122,1013.3904
1651329165162,1013.34937
1651329165203,1013.3235
1651329165243,1013.3379
1651329165282,1013.3452
1651329165321,1013.3401
1651329165362,1013.3462
1651329165401,1013.375
1651329165442,1013.4243
1651329165483,1013.48
1651329165521,1013.54004
1651329165562,1013.56445
1651329165602,1013.5864
1651329165641,1013.5879
1651329165682,1013.5901
1651329165722,1013.59424
1651329165762,1013.6006
1651329165802,1013.6111
1651329165842,1013.6062
1651329165881,1013.59985
1651329165923,1013.5747
1651329165961,1013.56006
1651329166001,1013.5491
1651329166042,1013.5552
1651329166082,1013.5559
1651329166122,1013.56836
1651329166163,1013.57446
1651329166201,1013.58203
1651329166242,1013.59155
1651329166283,1013.5996
1651329166321,1013.6113
1651329166362,1013.6067
1651329166403,1013.5835
1651329166441,1013.5625
1651329166482,1013.5271
1651329166522,1013.48584
1651329166561,1013.4429
1651329166601,1013.397
1651329166642,1013.3567
1651329166682,1013.3174
1651329166723,1013.28296
1651329166762,1013.26953
1651329166801,1013.2578
1651329166843,1013.2451
1651329166881,1013.23926
1651329166922,1013.23926
1651329166964,1013.2422
1651329167001,1013.23926
1651329167044,1013.23804
1651329167084,1013.23096
1651329167122,1013.2073
1651329167162,1013.17896
1651329167202,1013.1482
1651329167241,1013.11914
1651329167281,1013.0786
1651329167322,1013.04004
1651329167362,1013.03345
1651329167403,1013.1167
1651329167442,1013.2007
1651329167482,1013.2803
1651329167523,1013.2749
1651329167561,1013.23267
1651329167602,1013.2185
1651329167643,1013.2207
1651329167682,1013.2251
1651329167721,1013.2539
1651329167763,1013.27246
1651329167802,1013.27905
1651329167843,1013.3037
1651329167882,1013.2988
1651329167922,1013.30615
1651329167962,1013.3076
1651329168003,1013.313
1651329168041,1013.3247
1651329168082,1013.3342
1651329168123,1013.3469
1651329168161,1013.35913
1651329168202,1013.37085
1651329168241,1013.39575
1651329168281,1013.40674
